[SETTINGS]
divMutChance=0.10000000149011612
mutationChance=5.000000237487257E-4
errorKillChance=0.0010000000474974513
writeInstructionMutationChance=0.019999999552965164
occupationRatio=0.949999988079071
